
3 2023 08 15 32.6
4 2023 08 16 25.0
5 2023 08 17 41.4
6 2023 08 18 20.7
1 2023 08 19 35.1
2 2023 08 20 13.4
3 2023 08 21 39.9
4 2023 08 22 18.3
5 2023 08 23 27.5
6 2023 08 24 31.8
1 2023 08 25 16.1
2 2023 08 26 37.7
3 2023 08 27 14.5
4 2023 08 28 40.8
1 2023 08 29 21.2
2 2023 08 30 34.6
3 2023 08 31 25.9
4 2023 09 02 50.5
1 2023 09 02 56.3
4 2023 09 02 13.7
5 2023 09 02 89.2
6 2023 09 02 5.0
2 2023 09 02 34.3
3 2023 09 02 67.6
6 2023 09 02 12.9
1 2023 07 01 24.0
2 2023 07 02 30.5
3 2023 07 03 15.2
4 2023 07 04 42.8
5 2023 07 05 18.6
6 2023 07 06 37.4
1 2023 07 07 29.1
2 2023 07 08 36.7
3 2023 07 09 22.3
4 2023 07 10 48.9
5 2023 07 11 11.0
6 2023 07 12 27.3
1 2023 07 13 32.5
2 2023 07 14 14.8
3 2023 07 15 39.2
4 2023 07 16 25.7
5 2023 07 17 31.4
6 2023 07 18 20.9
1 2023 07 19 45.2
2 2023 07 20 28.6
3 2023 07 21 35.0
4 2023 07 22 16.4
5 2023 07 23 41.7
6 2023 07 24 19.8
1 2023 07 25 37.2
2 2023 07 26 23.5
3 2023 07 27 31.9
4 2023 07 28 12.3
5 2023 07 29 33.7
6 2023 07 30 21.6
1 2023 07 31 28.4
1 2023 08 01 42.0
2 2023 08 02 19.3
3 2023 08 03 34.8
4 2023 08 04 26.7
5 2023 08 05 31.2
6 2023 08 06 15.9
1 2023 08 07 36.5
2 2023 08 08 14.7
3 2023 08 09 38.1
4 2023 08 10 22.4
5 2023 08 11 47.3
6 2023 08 12 11.6
1 2023 08 13 29.8
2 2023 08 14 17.2